tree
version=v4
num_class=1
num_tree_per_iteration=1
label_index=0
max_feature_idx=12
objective=binary sigmoid:1
feature_names=Year Day Hour IMF_Magnitude IMF_Bz IMF_By IMF_Bx Proton_Temp Proton_Density Flow_Speed Flow_Pressure Dst_index AE_index
feature_infos=[-1:1] [-1.022099494934082:0.99447512626647949] [-1:1] [-1.5483870506286621:18.322580337524414] [-7.9803924560546875:6.8431367874145508] [-8.8163261413574219:8.0612239837646484] [-19.266666412353516:13.866665840148926] [-0.72141629457473755:104.95501708984375] [-1.0454545021057129:30.113636016845703] [-1.3769230842590332:6.0153846740722656] [-1.1764706373214722:72.323532104492188] [-20.600000381469727:4.3499999046325684] [-0.48756217956542969:10.64676570892334]
tree_sizes=9383

Tree=0
num_leaves=89
num_cat=0
split_feature=12 3 3 11 11 10 11 10 12 12 12 12 10 10 12 3 11 12 3 7 11 7 3 10 12 11 7 11 7 10 10 10 10 7 1 7 10 7 3 7 11 12 7 10 12 2 12 2 1 12 10 11 10 1 5 11 1 7 1 4 10 12 4 3 5 7 10 6 5 12 1 3 3 5 3 3 1 12 5 3 10 10 3 2 11 1 3 3
split_gain=1.38465e+06 136912 118165 70512.3 41912.3 23920.6 19966.7 25279.7 18292.2 15121.2 14764.5 11064.4 10508.9 6426.19 6420.22 6686.04 5380.29 5220.72 6759.26 4763.76 4660.86 3595.6 3552.88 3291.71 2691.69 2501.7 2270.74 2152.31 2031.58 1907.97 2092.65 2045.69 1570.2 1546.24 1537.76 1499.02 1464.44 1428.01 1383.54 1365.28 1313.89 1312.68 1908.63 3429.74 1173.94 1160.65 1145.77 1144.31 1115.65 1115.22 1547.16 3703.11 1108.34 1082.07 1050.63 1048.51 966.152 941.928 883.458 825.22 1582.09 810.268 772.916 720.26 682.354 681.764 770.516 552.333 511.022 615.009 505.005 466.845 458.503 402.953 388.137 313.652 1324.74 299.618 240.452 196.079 193.561 223.524 181.611 165.655 140.901 95.4752 54.9426 42.8685
threshold=1.0373134613037112 2.0725806951522832 0.61827963590621959 -1.0249999761581419 -1.1249999999999998 1.1139706969261172 -1.2749999761581419 0.98161765933036815 -0.11194029822945593 2.669154286384583 2.1517413854599003 2.1517413854599003 0.30514702200889593 0.3345587700605393 0.39054726064205175 0.48387105762958532 -0.72499999403953541 2.5597015619277959 1.6935484409332278 0.93104714155197155 -3.8749999999999996 1.6378224492073061 4.2419354915618905 1.1801471114158633 0.30099502205848699 -3.4250000715255733 1.0392003655433657 -1.2749999761581419 1.590167820453644 1.8713234066963198 61.680149078369148 4.3198528289794931 2.3198528289794926 1.6378224492073061 -0.61602210998535145 1.8450853824615481 -0.26102942228317255 1.1598963141441347 -0.18279568850994107 1.7867062687873843 -1.5749999880790708 3.1666666269302373 1.6857413649559023 0.58455887436866771 0.092039801180362715 0.26086955517530447 0.23134327679872516 0.78260868787765514 0.48895028233528143 2.0472637414932255 0.45220588147640234 -2.2250000238418575 3.4154411554336552 -0.82596683502197255 -0.19387757033109662 -2.6750000715255733 0.76519337296485912 -0.28847032785415644 0.36740331351757055 -0.73529416322708119 0.42279414832592016 -0.10696517676115035 -1.1143791675567625 0.88248854875564586 1.3979592323303225 2.8854168653488164 0.27573528885841375 -2.4500000476837154 -1.9489795565605161 -0.17164178937673566 -0.66022098064422596 -1.0000000180025095e-35 0.46774196624755865 -0.88775506615638722 3.1774195432662968 3.1451613903045659 -0.83701658248901356 0.97761192917823803 -0.58163261413574208 2.5967743396759038 0.27573528885841375 0.24632355570793155 0.13709676265716556 -0.95652174949645985 1.2250000238418581 0.69337016344070446 2.624193668365479 1.0362904071807864
decision_type=2 2 2 2 2 2 2 2 2 2 2 2 2 2 2 2 2 2 2 2 2 2 2 2 2 2 2 2 2 2 2 2 2 2 2 2 2 2 2 2 2 2 2 2 2 2 2 2 2 2 2 2 2 2 2 2 2 2 2 2 2 2 2 2 2 2 2 2 2 2 2 2 2 2 2 2 2 2 2 2 2 2 2 2 2 2 2 2
left_child=1 4 3 10 5 19 49 11 55 13 12 22 25 72 29 59 47 18 39 20 54 32 26 27 62 -2 -8 85 45 65 31 -31 -17 -27 74 -18 -36 40 -26 -9 -14 42 43 -12 48 57 -29 -15 79 50 51 87 -23 -39 -1 -3 61 -11 -48 60 -16 78 -21 -53 -22 67 -67 -6 69 -57 -47 -61 83 -74 -13 76 -46 -58 -7 -25 81 -30 -63 -5 -32 -10 -20 -4
right_child=2 8 6 9 14 56 7 17 23 28 41 34 37 16 15 21 35 -19 86 24 64 52 -24 44 38 33 -28 46 80 30 84 -33 -34 -35 36 -37 -38 53 -40 -41 -42 -43 -44 -45 75 70 58 -49 -50 -51 -52 63 -54 -55 -56 68 77 -59 -60 71 -62 82 -64 -65 -66 66 -68 -69 -70 -71 -72 -73 73 -75 -76 -77 -78 -79 -80 -81 -82 -83 -84 -85 -86 -87 -88 -89
leaf_value=-3.5045557313384186 -0.99956801383906102 -1.5872056647147244 -1.8041972757062816 -3.0466207251988502 -1.9999130170712922 -2.0392568880146094 -3.1999242908872167 -1.8084530721348959 -0.95344192369418801 -1.6341785135705356 -1.9776628523593367 -3.5413934990507507 -1.1875864524306361 -1.609838731798388 -3.4495264971837218 -3.0718689166253994 -3.1685236623039739 -0.29489415663531293 -0.78657294401385247 -2.13432240013179 -3.4511319259673812 -1.7681093317667924 -0.64034808570532364 -2.3501036053586759 -3.5421473665415908 -3.1154741183631964 -2.1344362177431782 -3.5560925296044243 -3.4896780903629887 -3.1028583500834386 -3.5812971240803613 -1.8474429488686182 -2.0855741776106553 -1.8639150204314523 -2.9378087635440582 -2.2173693064523672 -0.93754999878176282 -3.4987978015949439 -1.6159483167732298 -1.0565100968359382 -2.4305286011749887 -0.32219035559201048 -0.42155518813654203 -0.67743391658278185 -3.5111193123616506 -3.485732149310286 -1.7170199015918983 -3.5345594038673456 -3.5240967820130118 -0.20995005737713424 -0.35062647393492696 -3.5395235038236232 -3.5400744313084109 -0.7678761510178207 -0.77348501084375076 -3.5416478064863726 -3.5214463103594982 -3.5601017655808098 -3.5335018746052009 -3.5337239751167706 -2.1568543699066716 -2.1172213474658959 -3.5705276348846082 -2.0151393398669537 -2.3314603674853789 -3.5611674811560809 -2.179526234394118 -3.5574808368593693 -3.5768235210428689 -1.8145495366878457 -1.3314403520587668 -3.3000870433936176 -2.2788745466402709 -3.3260264893618143 -1.8921872730179679 -0.384735447185236 -0.83401128927049495 -1.9369894971411799 -3.5111193123616506 -1.0966790694305937 -0.63495881125078046 -1.8448790492785321 -0.64468067132453699 -3.5548954592610897 -3.1512376249633105 -2.5072333051053612 -0.3739273150783986 -0.50302688651667538
leaf_weight=1.5646758824586866 7.3597719222307196 2.6077931970357886 5.0707089677453032 5.7081694528460494 1.2749211192131031 1.3328720778226855 55.285214692354202 72.004067145287991 25.005839206278328 2.694719634950161 39.348701432347298 3.7957877889275542 24.542231477797031 48.244173847138882 25.846127569675446 118.56766182184219 85.709468081593513 472.96676159650087 92.953339785337448 3.9696407243609455 107.61493025720119 42.622930712997913 7.5626003071665755 4.838905103504664 3.8827142268419257 52.822298981249332 31.293518036603928 6.3456299677491215 1.1590191721916192 66.38282335549593 82.174459308385849 15.588808104395865 18.225576721131802 11.561216421425341 4.57812575995922 20.080007396638393 98.31380345672369 1.3908230066299427 44.738140791654587 55.980627208948135 17.732993513345718 182.22679429501295 83.246554248034954 55.98062738776207 1.7964797168970097 1.0720927342772473 14.429788932204248 3.1293517649173728 2.4049647822976103 2362.5157711282372 364.22178463637829 3.5929594337940243 3.6509103924036017 76.987850330770016 7.9682570174336416 3.8247632682323456 2.2600873857736583 7.5915755778551119 3.0424253270030013 218.99667267501354 14.140034079551695 3.911689765751361 14.371837735176085 15.067249447107313 4.7519786655902854 7.9972322881221753 6.6933358088135719 2474.5638841241598 28.366994239389896 3.0714008659124366 13.386671707034109 138.61869332194328 4.5201748311519649 12.981014758348463 1.1300437226891515 113.78671026974916 73.626694612205029 1.1879946812987325 1.7964797168970097 16.371146164834499 30.742984317243099 1.0720927640795705 77.39350713044405 130.85326457023621 7.3307962939143172 2.3470138534903517 150.41171709448099 53.923368386924267
leaf_count=54 44 20 70 162 9 11 1698 1225 198 23 728 131 252 720 857 3497 2608 1168 653 67 3574 701 16 97 134 1578 625 219 40 1976 2836 258 349 189 123 413 838 48 669 532 402 479 283 322 62 37 218 108 83 4010 1090 124 126 522 30 132 78 262 105 7453 278 65 496 275 94 276 126 84772 979 36 147 4399 86 413 4 357 546 6 62 145 151 2 431 4481 218 46 466 216
internal_value=-1.76847 -3.18722 -0.632889 -1.65338 -3.36286 -2.18388 -0.38907 -0.771869 -1.14701 -2.72739 -0.939922 -1.79223 -1.66643 -3.00722 -3.46387 -3.16288 -2.55946 -0.530204 -0.837925 -2.82528 -3.20292 -2.66449 -2.59991 -0.853116 -2.15349 -2.6434 -2.80269 -1.65156 -1.25395 -3.52959 -3.20802 -2.8461 -2.93056 -2.86791 -1.1025 -2.97691 -1.01951 -1.09797 -1.76992 -1.46253 -1.67033 -0.558877 -0.817203 -1.19191 -0.671061 -2.04546 -2.42316 -1.72778 -1.53608 -0.247305 -0.454188 -0.974815 -1.90833 -0.817214 -1.19095 -3.2132 -0.82951 -2.94552 -2.02447 -3.39407 -2.96882 -0.760489 -3.21132 -2.30181 -3.39318 -3.55187 -2.89523 -3.55604 -3.38511 -2.67151 -1.48764 -3.44319 -3.46764 -2.99983 -2.97571 -0.574415 -0.898649 -2.77371 -2.71119 -1.31436 -0.722645 -2.46862 -0.696885 -3.52992 -3.54172 -1.0442 -0.519458 -0.583391
internal_weight=8594.1 3821.29 4772.81 922.145 3519.42 276.745 3850.67 1046.28 301.867 368.945 553.2 201.959 192.397 311.226 3242.67 580.669 157.163 844.317 371.35 188.862 121.9 183.067 94.1413 263.996 66.9623 71.7433 86.5787 51.1707 57.7192 2662.01 171.477 81.9716 136.793 64.3835 107.818 105.789 102.892 120.654 48.6209 127.985 42.2752 360.803 178.576 95.3293 212.825 24.7451 23.8178 51.3735 23.615 2804.39 441.876 77.6543 46.2738 78.3787 9.53293 37.871 87.8826 10.2863 17.4722 397.602 39.9862 84.4345 18.3415 18.6602 112.367 2490.53 14.6906 2475.84 35.2632 6.89616 14.4588 357.615 154.063 17.5012 4.92583 189.21 75.4232 3.44808 3.12935 21.2101 32.9741 2.23111 81.3052 136.561 89.5053 27.3529 243.365 58.9941
internal_count=144909 117145 27764 14500 113902 5771 13264 7479 3243 9653 4847 3435 3035 8991 108131 17660 3849 4044 2876 5118 3752 4673 2339 2076 1366 1811 2323 786 662 90471 5288 2234 3846 1767 1096 3021 961 1224 803 1757 654 1812 1333 1050 1290 469 542 828 325 5785 1775 685 827 570 84 1167 653 285 323 12987 1135 569 563 399 3668 85183 402 84781 1147 168 184 11852 5142 499 135 965 608 84 73 242 193 42 496 4643 3054 244 1119 286
is_linear=0
shrinkage=1


end of trees

feature_importances:
Flow_Pressure=17
IMF_Magnitude=15
AE_index=15
Proton_Temp=11
Dst_index=11
Day=8
IMF_By=5
Hour=3
IMF_Bz=2
IMF_Bx=1

parameters:
[boosting: gbdt]
[objective: binary]
[metric: auc,binary_logloss]
[tree_learner: serial]
[device_type: cpu]
[data_sample_strategy: bagging]
[data: ]
[valid: ]
[num_iterations: 1000]
[learning_rate: 0.1]
[num_leaves: 127]
[num_threads: 12]
[seed: 42]
[deterministic: 0]
[force_col_wise: 0]
[force_row_wise: 0]
[histogram_pool_size: -1]
[max_depth: 7]
[min_data_in_leaf: 20]
[min_sum_hessian_in_leaf: 0.001]
[bagging_fraction: 0.8]
[pos_bagging_fraction: 1]
[neg_bagging_fraction: 1]
[bagging_freq: 5]
[bagging_seed: 400]
[bagging_by_query: 0]
[feature_fraction: 0.8]
[feature_fraction_bynode: 1]
[feature_fraction_seed: 30056]
[extra_trees: 0]
[extra_seed: 12879]
[early_stopping_round: 0]
[early_stopping_min_delta: 0]
[first_metric_only: 0]
[max_delta_step: 0]
[lambda_l1: 1]
[lambda_l2: 1]
[linear_lambda: 0]
[min_gain_to_split: 0]
[drop_rate: 0.1]
[max_drop: 50]
[skip_drop: 0.5]
[xgboost_dart_mode: 0]
[uniform_drop: 0]
[drop_seed: 17869]
[top_rate: 0.2]
[other_rate: 0.1]
[min_data_per_group: 100]
[max_cat_threshold: 32]
[cat_l2: 10]
[cat_smooth: 10]
[max_cat_to_onehot: 4]
[top_k: 20]
[monotone_constraints: ]
[monotone_constraints_method: basic]
[monotone_penalty: 0]
[feature_contri: ]
[forcedsplits_filename: ]
[refit_decay_rate: 0.9]
[cegb_tradeoff: 1]
[cegb_penalty_split: 0]
[cegb_penalty_feature_lazy: ]
[cegb_penalty_feature_coupled: ]
[path_smooth: 0]
[interaction_constraints: ]
[verbosity: -1]
[saved_feature_importance_type: 0]
[use_quantized_grad: 0]
[num_grad_quant_bins: 4]
[quant_train_renew_leaf: 0]
[stochastic_rounding: 1]
[linear_tree: 0]
[max_bin: 255]
[max_bin_by_feature: ]
[min_data_in_bin: 3]
[bin_construct_sample_cnt: 200000]
[data_random_seed: 175]
[is_enable_sparse: 1]
[enable_bundle: 1]
[use_missing: 1]
[zero_as_missing: 0]
[feature_pre_filter: 1]
[pre_partition: 0]
[two_round: 0]
[header: 0]
[label_column: ]
[weight_column: ]
[group_column: ]
[ignore_column: ]
[categorical_feature: ]
[forcedbins_filename: ]
[precise_float_parser: 0]
[parser_config_file: ]
[objective_seed: 16083]
[num_class: 1]
[is_unbalance: 0]
[scale_pos_weight: 36]
[sigmoid: 1]
[boost_from_average: 1]
[reg_sqrt: 0]
[alpha: 0.9]
[fair_c: 1]
[poisson_max_delta_step: 0.7]
[tweedie_variance_power: 1.5]
[lambdarank_truncation_level: 30]
[lambdarank_norm: 1]
[label_gain: ]
[lambdarank_position_bias_regularization: 0]
[eval_at: ]
[multi_error_top_k: 1]
[auc_mu_weights: ]
[num_machines: 1]
[local_listen_port: 12400]
[time_out: 120]
[machine_list_filename: ]
[machines: ]
[gpu_platform_id: -1]
[gpu_device_id: -1]
[gpu_use_dp: 0]
[num_gpu: 1]

end of parameters

pandas_categorical:[]
