tree
version=v4
num_class=1
num_tree_per_iteration=1
label_index=0
max_feature_idx=12
objective=binary sigmoid:1
feature_names=Year Day Hour IMF_Magnitude IMF_Bz IMF_By IMF_Bx Proton_Temp Proton_Density Flow_Speed Flow_Pressure Dst_index AE_index
feature_infos=[-1:1] [-1.022099494934082:0.99447512626647949] [-1:1] [-1.5483870506286621:18.322580337524414] [-7.9803924560546875:6.8431367874145508] [-8.8163261413574219:8.0612239837646484] [-19.266666412353516:13.866665840148926] [-0.72141629457473755:104.95501708984375] [-1.0454545021057129:30.113636016845703] [-1.3769230842590332:6.0153846740722656] [-1.1764706373214722:72.323532104492188] [-20.600000381469727:4.3499999046325684] [-0.48756217956542969:10.64676570892334]
tree_sizes=8690

Tree=0
num_leaves=82
num_cat=0
split_feature=12 3 3 11 11 12 3 10 11 12 10 3 12 7 10 12 10 11 12 1 10 11 10 12 12 11 3 3 11 10 10 12 10 10 11 5 11 2 4 11 12 12 4 1 3 11 11 4 12 3 1 7 7 7 7 6 4 4 12 12 11 6 3 11 2 12 10 5 12 1 3 1 3 2 3 10 7 11 7 11 1
split_gain=1.69304e+06 218196 108964 69933.7 43871.3 34086 33638 26669.8 26137 22511.6 19696.6 14460.7 14874.1 12457.8 10046 6846.4 6561.29 6555.68 6028.34 4760.6 4425.11 4364.96 7584.22 6182.77 4242.42 4170.91 4133.88 3883.65 5643.69 6643.51 3665.38 3496.27 3055.44 2917.28 2906.22 2663.53 2620.48 3298.56 2527.45 2497.99 2342.74 2199.72 2145.7 1940.93 2241.47 1919.19 1893.04 1556.11 1538.03 2122.05 1392.87 1298.32 1293.1 1182.49 1155.39 1025.21 1020.33 1338.19 1000.64 1523.13 983.85 904.269 885.653 876.549 820.909 770.069 653.449 628.995 585.863 1587.49 503.078 461.777 369.521 309.29 730.044 289.664 198.386 141.026 1334.21 75.6499 17.6125
threshold=0.97761192917823803 2.0161291360855107 0.20161306113004687 -1.1249999999999998 -0.72499999403953541 2.0472637414932255 1.1048388481140139 0.51102936267852794 -0.97499999403953541 -0.11194029822945593 0.18014705926179889 0.42258071899414068 -0.027363183908164498 1.7342470288276675 0.43750001490116125 1.9776119589805605 0.39338241517543798 -0.37499999999999994 0.30099502205848699 0.73756906390190136 2.47426450252533 -1.3749999999999998 0.56985300779342662 3.0771144628524785 1.9427860975265505 -3.4250000715255733 0.048387207090854652 1.9387097954750063 -1.2749999761581419 0.79044121503829967 0.45220588147640234 2.1517413854599003 -0.18749999254941938 1.1801471114158633 -1.3249999880790708 -0.16909620910882947 1.4750000238418581 0.78260868787765514 0.81372547149658214 -1.2749999761581419 0.48009949922561651 0.23134327679872516 -0.73529416322708119 -0.88121545314788807 -0.11290311813354491 -2.6750000715255733 -1.4250000119209287 0.78758171200752269 2.7885571718215947 0.71612912416458141 0.36740331351757055 2.8854168653488164 0.87400004267692577 -0.25352744758129114 -0.55114182829856861 0.8791666328907014 0.70784315466880809 0.72969183325767528 -0.17164178937673566 -0.16666666418313977 2.2749999761581425 1.0708333253860476 -0.088709633797407136 -4.0750000476837149 -0.95652174949645985 2.669154286384583 -0.54044118523597706 -1.0714285373687742 0.092039801180362715 0.48895028233528143 0.13709676265716556 -0.99171268939971913 -0.24193540960550305 -0.86956521868705738 0.13709676265716556 -0.83455881476402272 1.0843920111656191 -1.5249999761581419 -0.10653058066964148 -1.4750000238418577 0.53314918279647838
decision_type=2 2 2 2 2 2 2 2 2 2 2 2 2 2 2 2 2 2 2 2 2 2 2 2 2 2 2 2 2 2 2 2 2 2 2 2 2 2 2 2 2 2 2 2 2 2 2 2 2 2 2 2 2 2 2 2 2 2 2 2 2 2 2 2 2 2 2 2 2 2 2 2 2 2 2 2 2 2 2 2 2
left_child=1 3 4 7 10 6 8 18 16 45 15 36 60 20 51 56 25 -16 63 43 -10 -7 23 32 46 -4 55 28 75 -30 73 47 -23 39 62 -28 40 -38 -15 66 67 -41 -42 -9 -45 -3 72 61 49 -24 -43 -14 -48 -33 -35 -20 70 -58 -47 -60 76 -32 -17 -1 -36 -55 -11 -5 69 -56 -2 -70 -12 74 -6 -8 -13 -26 -79 -18 -68
right_child=2 9 5 11 30 21 27 19 13 33 24 12 14 38 17 34 79 -19 26 -21 -22 22 48 -25 77 -27 35 -29 29 -31 31 53 -34 54 64 -37 37 -39 -40 41 42 50 -44 44 -46 58 52 -49 -50 -51 -52 -53 -54 65 68 -57 57 -59 59 -61 -62 -63 -64 -65 -66 -67 80 -69 71 -71 -72 -73 -74 -75 -76 -77 -78 78 -80 -81 -82
leaf_value=-2.0319831834031343 -3.5787092436208141 -1.2099783121909611 -0.4627358519991196 -3.0174464896897284 -3.5587535472960408 -0.18701967790482632 -3.4806600132270917 -3.5260601097823154 -3.067386435886339 -3.4806600132270917 -2.3542834564303838 -3.5617083642608027 -3.3359012594737156 -1.0590106053118129 -1.5532775917651716 -2.59487912951495 -0.46871002266695161 -2.6134265197178874 -3.5751865110027348 -3.5568353875219576 -1.272095008253511 -3.5631560671365436 -1.3548615671667465 -0.52441891026089094 -0.33699983631108754 -2.2452254191831544 -2.9298449219878711 -0.30139981295052021 -2.8633763246121449 -0.98366483156916384 -3.4326806940770038 -0.679307359501228 -1.6012509033275675 -3.4921368081332753 -1.6919094585679488 -1.4326244791772313 -3.5660182970339207 -0.99105684331253929 -3.5449122600085805 -3.5595302564907625 -2.5028138135350955 -1.3220972554160721 -3.3564134119242883 -3.5304459179264915 -0.73199616765065878 -3.5772282148856935 -2.8028900756380248 -1.5482339086985677 -0.24016166180321585 -0.4607653811669703 -3.5345594038673456 -1.9813000400055094 -1.5847300084685423 -3.541136099955815 -0.94701498773817816 -1.6386244667115524 -1.1824583568633908 -3.5457539716831543 -1.1824583568633917 -3.5530679399600889 -1.8207017690871208 -1.6567165435302091 -0.87684554164962636 -3.5806519129204761 -3.5620744836931935 -1.7944161805413203 -0.58647318695673345 -3.5644181570777027 -3.4806600132270917 -3.525094873777348 -2.608838715963719 -0.42345843800651206 -0.77760827195685822 -3.5816679255772481 -1.7901761459904773 -0.41799811875173498 -3.3473639973670966 -3.5087895752860661 -0.75733053505937642 -0.89795713017766809 -1.7944161805413199
leaf_weight=2.8685724213719359 39.377676375210285 4.0565670430660239 18.225576184689999 20.195909015834332 7.1279679089784604 4141.2333833128214 0.28975479304790397 2.5208666995167723 126.82567258924246 0.81131342053413291 3.8827141970396033 280.56956607848406 144.26891127973795 63.166544079780579 90.60632286220789 5.0707088485360137 155.01881186664104 172.14332171529531 22.745751254260544 6.5484583228826514 14.574665911495684 8.8664966672658903 42.072395473718643 83.333477199077606 111.72944638133049 52.793322935700417 17.356312043964863 684.48773644119501 23.991696774959564 105.15201302617788 38.740215800702572 9.3301041871309298 62.558059193193913 1.2169701308011998 2.173160918056964 46.418717339634895 10.460148029029371 8.2580114826560003 4.2304199784994116 7.3887472227215794 32.30765924602747 20.224884316325191 262.95247439295053 2.8106214925646773 148.38342740386724 30.192449435591698 14.37183767557144 4.8968559429049483 872.9152750223875 316.00657238066196 3.1293517649173728 6.4905073046684256 32.017904303967953 3.7668123096227628 30.858885042369366 2.0862344801425925 3.998616084456442 4.3463218957185745 3.9986160844564438 5.6212429851293546 2.404964752495288 2.115209959447383 27.816459745168686 64.789171725511551 8.3739135190844518 5.7081693634390831 33.032045900821686 2183.3603163659573 0.46360766887664695 2.4629157409071913 5.1576352864503852 283.78583984076977 35.350084245204926 97.067855671048164 2.3470137938857079 199.90182856470346 49.779873386025429 1.7095532789826382 75.423171557486057 77.1906758248806 5.7081693634390822
leaf_count=40 1359 22 39 579 246 4567 10 87 3728 28 75 9624 4625 587 1298 116 571 4289 785 226 149 306 508 339 257 1114 481 1498 651 915 1278 27 920 42 16 599 361 49 146 255 761 226 8485 97 932 1042 378 51 1393 1171 108 106 456 130 239 13 20 150 20 194 24 14 193 2236 289 79 137 74939 16 85 119 944 217 3350 22 645 1600 59 479 599 79
internal_value=-1.34375 -3.0053 -0.465936 -3.26207 -1.83755 -0.36081 -0.785817 -1.8453 -1.45518 -0.887578 -1.22762 -3.39996 -3.01365 -2.32537 -2.61391 -2.4739 -0.862089 -2.24155 -2.78252 -0.942078 -2.86743 -0.244004 -0.416624 -1.11836 -0.795914 -1.75084 -2.24452 -0.450184 -0.768408 -1.32467 -3.16536 -2.57694 -1.84395 -0.645893 -1.5582 -1.82375 -3.51457 -2.36643 -1.21517 -1.31143 -3.52365 -2.0715 -3.25969 -0.830267 -0.78466 -3.04878 -1.43646 -3.07033 -0.330474 -0.559326 -1.6127 -3.26743 -1.93775 -1.46292 -0.506693 -3.35135 -3.24961 -2.29929 -3.28963 -2.45349 -3.51122 -3.29696 -1.10483 -3.49339 -3.06386 -2.43786 -0.772425 -3.55915 -0.494938 -1.13623 -3.45191 -0.428595 -0.899285 -3.52606 -3.01065 -0.422557 -3.5288 -0.518341 -0.819173 -0.599284 -0.715031
internal_weight=11608 4013.28 7594.73 3580.33 541.899 7052.83 1525.85 316.528 512.026 432.952 370.799 3263.8 746.263 208.797 413.509 96.3145 303.228 262.75 156.265 160.263 141.4 5526.99 1385.75 154.758 274.485 71.0189 88.607 1013.82 329.335 129.144 171.1 64.5574 71.4246 389.083 43.4342 63.775 2517.53 18.7182 67.397 70.2945 2498.82 30.743 295.26 153.715 151.194 43.8689 85.6225 45.7523 1230.99 358.079 23.3542 150.759 46.3897 18.8051 318.788 24.832 52.8802 8.34494 39.8123 9.61986 332.754 40.8554 32.8872 67.6577 10.5471 9.47498 39.5515 2203.56 317.571 33.3218 44.5353 284.249 39.2328 106.543 9.47498 200.192 330.349 188.862 77.1327 232.209 38.7402
internal_count=144909 115673 29236 112236 9380 19856 10652 5496 6933 3437 4183 106740 21566 4610 10318 2262 2323 5587 4154 1342 3877 9204 4637 1565 1921 1153 1878 3719 2221 1566 5197 1579 1226 2159 614 1080 85174 410 733 833 84764 589 9246 1116 1029 1278 1126 1343 3072 1679 334 4731 834 236 1326 798 1648 170 1256 214 11248 1292 309 2276 305 209 244 75518 1284 324 1478 960 292 3618 268 655 11224 795 538 1170 216
is_linear=0
shrinkage=1


end of trees

feature_importances:
Dst_index=16
AE_index=16
IMF_Magnitude=12
Flow_Pressure=12
Proton_Temp=7
Day=6
IMF_Bz=5
Hour=3
IMF_By=2
IMF_Bx=2

parameters:
[boosting: gbdt]
[objective: binary]
[metric: auc,binary_logloss]
[tree_learner: serial]
[device_type: cpu]
[data_sample_strategy: bagging]
[data: ]
[valid: ]
[num_iterations: 1000]
[learning_rate: 0.1]
[num_leaves: 127]
[num_threads: 12]
[seed: 42]
[deterministic: 0]
[force_col_wise: 0]
[force_row_wise: 0]
[histogram_pool_size: -1]
[max_depth: 7]
[min_data_in_leaf: 20]
[min_sum_hessian_in_leaf: 0.001]
[bagging_fraction: 0.8]
[pos_bagging_fraction: 1]
[neg_bagging_fraction: 1]
[bagging_freq: 5]
[bagging_seed: 400]
[bagging_by_query: 0]
[feature_fraction: 0.8]
[feature_fraction_bynode: 1]
[feature_fraction_seed: 30056]
[extra_trees: 0]
[extra_seed: 12879]
[early_stopping_round: 0]
[early_stopping_min_delta: 0]
[first_metric_only: 0]
[max_delta_step: 0]
[lambda_l1: 1]
[lambda_l2: 1]
[linear_lambda: 0]
[min_gain_to_split: 0]
[drop_rate: 0.1]
[max_drop: 50]
[skip_drop: 0.5]
[xgboost_dart_mode: 0]
[uniform_drop: 0]
[drop_seed: 17869]
[top_rate: 0.2]
[other_rate: 0.1]
[min_data_per_group: 100]
[max_cat_threshold: 32]
[cat_l2: 10]
[cat_smooth: 10]
[max_cat_to_onehot: 4]
[top_k: 20]
[monotone_constraints: ]
[monotone_constraints_method: basic]
[monotone_penalty: 0]
[feature_contri: ]
[forcedsplits_filename: ]
[refit_decay_rate: 0.9]
[cegb_tradeoff: 1]
[cegb_penalty_split: 0]
[cegb_penalty_feature_lazy: ]
[cegb_penalty_feature_coupled: ]
[path_smooth: 0]
[interaction_constraints: ]
[verbosity: -1]
[saved_feature_importance_type: 0]
[use_quantized_grad: 0]
[num_grad_quant_bins: 4]
[quant_train_renew_leaf: 0]
[stochastic_rounding: 1]
[linear_tree: 0]
[max_bin: 255]
[max_bin_by_feature: ]
[min_data_in_bin: 3]
[bin_construct_sample_cnt: 200000]
[data_random_seed: 175]
[is_enable_sparse: 1]
[enable_bundle: 1]
[use_missing: 1]
[zero_as_missing: 0]
[feature_pre_filter: 1]
[pre_partition: 0]
[two_round: 0]
[header: 0]
[label_column: ]
[weight_column: ]
[group_column: ]
[ignore_column: ]
[categorical_feature: ]
[forcedbins_filename: ]
[precise_float_parser: 0]
[parser_config_file: ]
[objective_seed: 16083]
[num_class: 1]
[is_unbalance: 0]
[scale_pos_weight: 60]
[sigmoid: 1]
[boost_from_average: 1]
[reg_sqrt: 0]
[alpha: 0.9]
[fair_c: 1]
[poisson_max_delta_step: 0.7]
[tweedie_variance_power: 1.5]
[lambdarank_truncation_level: 30]
[lambdarank_norm: 1]
[label_gain: ]
[lambdarank_position_bias_regularization: 0]
[eval_at: ]
[multi_error_top_k: 1]
[auc_mu_weights: ]
[num_machines: 1]
[local_listen_port: 12400]
[time_out: 120]
[machine_list_filename: ]
[machines: ]
[gpu_platform_id: -1]
[gpu_device_id: -1]
[gpu_use_dp: 0]
[num_gpu: 1]

end of parameters

pandas_categorical:[]
